335 +0.066 -0.114
  5 +0.114 -0.198
 16 +0.000 -0.229
 17 +0.163 -0.283
 34 +0.057 -0.321
 33 -0.057 -0.321
 35 +0.212 -0.367
 58 +0.110 -0.410
 57 +0.000 -0.424
 56 -0.110 -0.410
 59 +0.261 -0.452
 88 +0.161 -0.496
 87 +0.055 -0.519
 86 -0.055 -0.519
 85 -0.161 -0.496
 89 +0.310 -0.536
124 +0.212 -0.582
123 +0.108 -0.610
122 -0.000 -0.619
121 -0.108 -0.610
120 -0.212 -0.582
125 +0.358 -0.621
166 +0.262 -0.667
165 +0.160 -0.699
164 +0.054 -0.715
163 -0.054 -0.715
162 -0.160 -0.699
161 -0.262 -0.667
167 +0.407 -0.705
214 +0.312 -0.753
213 +0.211 -0.787
212 +0.106 -0.808
211 +0.000 -0.815
210 -0.106 -0.808
209 -0.211 -0.787
208 -0.312 -0.753
216 +0.493 -0.760
215 +0.411 -0.807
274 +0.325 -0.846
273 +0.234 -0.875
272 +0.142 -0.895
271 +0.047 -0.905
270 -0.047 -0.905
269 -0.142 -0.895
268 -0.234 -0.875
267 -0.325 -0.846
276 +0.488 -0.845
275 +0.397 -0.891
334 +0.301 -0.928
333 +0.203 -0.954
332 +0.102 -0.970
331 +0.000 -0.976
330 -0.102 -0.970
329 -0.203 -0.954
328 -0.301 -0.928
327 -0.397 -0.891
  4 -0.066 -0.114
 15 -0.114 -0.198
 14 -0.198 -0.114
 32 -0.163 -0.283
 31 -0.250 -0.210
 30 -0.307 -0.112
 55 -0.212 -0.367
 54 -0.300 -0.300
 53 -0.367 -0.212
 52 -0.410 -0.110
 84 -0.261 -0.452
 83 -0.349 -0.388
 82 -0.422 -0.307
 81 -0.477 -0.212
 80 -0.510 -0.108
119 -0.310 -0.536
118 -0.398 -0.474
117 -0.474 -0.398
116 -0.536 -0.310
115 -0.582 -0.212
114 -0.610 -0.108
160 -0.358 -0.621
159 -0.447 -0.561
158 -0.526 -0.488
157 -0.592 -0.404
156 -0.646 -0.311
155 -0.685 -0.211
154 -0.709 -0.107
207 -0.407 -0.705
206 -0.496 -0.646
205 -0.576 -0.576
204 -0.646 -0.496
203 -0.705 -0.407
202 -0.753 -0.312
201 -0.787 -0.211
200 -0.808 -0.106
266 -0.411 -0.807
265 -0.493 -0.760
264 -0.570 -0.704
263 -0.641 -0.641
262 -0.704 -0.570
261 -0.760 -0.493
260 -0.807 -0.411
259 -0.846 -0.325
258 -0.875 -0.234
257 -0.895 -0.142
326 -0.488 -0.845
325 -0.573 -0.789
324 -0.653 -0.725
323 -0.725 -0.653
322 -0.789 -0.573
321 -0.845 -0.488
320 -0.891 -0.397
319 -0.928 -0.301
318 -0.954 -0.203
317 -0.970 -0.102
  3 -0.131 -0.000
 13 -0.229 -0.000
 12 -0.198 +0.114
 29 -0.326 -0.000
 28 -0.307 +0.112
 27 -0.250 +0.210
 51 -0.424 -0.000
 50 -0.410 +0.110
 49 -0.367 +0.212
 48 -0.300 +0.300
 79 -0.522 -0.000
 78 -0.510 +0.108
 77 -0.477 +0.212
 76 -0.422 +0.307
 75 -0.349 +0.388
113 -0.619 -0.000
112 -0.610 +0.108
111 -0.582 +0.212
110 -0.536 +0.310
109 -0.474 +0.398
108 -0.398 +0.474
153 -0.717 +0.000
152 -0.709 +0.107
151 -0.685 +0.211
150 -0.646 +0.311
149 -0.592 +0.404
148 -0.526 +0.488
147 -0.447 +0.561
199 -0.815 -0.000
198 -0.808 +0.106
197 -0.787 +0.211
196 -0.753 +0.312
195 -0.705 +0.407
194 -0.646 +0.496
193 -0.576 +0.576
192 -0.496 +0.646
256 -0.905 -0.047
255 -0.905 +0.047
254 -0.895 +0.142
253 -0.875 +0.234
252 -0.846 +0.325
251 -0.807 +0.411
250 -0.760 +0.493
249 -0.704 +0.570
248 -0.641 +0.641
247 -0.570 +0.704
316 -0.976 +0.000
315 -0.970 +0.102
314 -0.954 +0.203
313 -0.928 +0.301
312 -0.891 +0.397
311 -0.845 +0.488
310 -0.789 +0.573
309 -0.725 +0.653
308 -0.653 +0.725
307 -0.573 +0.789
  2 -0.066 +0.114
 11 -0.114 +0.198
 10 -0.000 +0.229
 26 -0.163 +0.283
 25 -0.057 +0.321
 24 +0.057 +0.321
 47 -0.212 +0.367
 46 -0.110 +0.410
 45 -0.000 +0.424
 44 +0.110 +0.410
 74 -0.261 +0.452
 73 -0.161 +0.496
 72 -0.055 +0.519
 71 +0.055 +0.519
 70 +0.161 +0.496
107 -0.310 +0.536
106 -0.212 +0.582
105 -0.108 +0.610
104 +0.000 +0.619
103 +0.108 +0.610
102 +0.212 +0.582
146 -0.358 +0.621
145 -0.262 +0.667
144 -0.160 +0.699
143 -0.054 +0.715
142 +0.054 +0.715
141 +0.160 +0.699
140 +0.262 +0.667
191 -0.407 +0.705
190 -0.312 +0.753
189 -0.211 +0.787
188 -0.106 +0.808
187 -0.000 +0.815
186 +0.106 +0.808
185 +0.211 +0.787
184 +0.312 +0.753
246 -0.493 +0.760
245 -0.411 +0.807
244 -0.325 +0.846
243 -0.234 +0.875
242 -0.142 +0.895
241 -0.047 +0.905
240 +0.047 +0.905
239 +0.142 +0.895
238 +0.234 +0.875
237 +0.325 +0.846
306 -0.488 +0.845
305 -0.397 +0.891
304 -0.301 +0.928
303 -0.203 +0.954
302 -0.102 +0.970
301 -0.000 +0.976
300 +0.102 +0.970
299 +0.203 +0.954
298 +0.301 +0.928
297 +0.397 +0.891
  1 +0.066 +0.114
  9 +0.114 +0.198
  8 +0.198 +0.114
 23 +0.163 +0.283
 22 +0.250 +0.210
 21 +0.307 +0.112
 43 +0.212 +0.367
 42 +0.300 +0.300
 41 +0.367 +0.212
 40 +0.410 +0.110
 69 +0.261 +0.452
 68 +0.349 +0.388
 67 +0.422 +0.307
 66 +0.477 +0.212
 65 +0.510 +0.108
101 +0.310 +0.536
100 +0.398 +0.474
 99 +0.474 +0.398
 98 +0.536 +0.310
 97 +0.582 +0.212
 96 +0.610 +0.108
139 +0.358 +0.621
138 +0.447 +0.561
137 +0.526 +0.488
136 +0.592 +0.404
135 +0.646 +0.311
134 +0.685 +0.211
133 +0.709 +0.107
183 +0.407 +0.705
182 +0.496 +0.646
181 +0.576 +0.576
180 +0.646 +0.496
179 +0.705 +0.407
178 +0.753 +0.312
177 +0.787 +0.211
176 +0.808 +0.106
236 +0.411 +0.807
235 +0.493 +0.760
234 +0.570 +0.704
233 +0.641 +0.641
232 +0.704 +0.570
231 +0.760 +0.493
230 +0.807 +0.411
229 +0.846 +0.325
228 +0.875 +0.234
227 +0.895 +0.142
296 +0.488 +0.845
295 +0.573 +0.789
294 +0.653 +0.725
293 +0.725 +0.653
292 +0.789 +0.573
291 +0.845 +0.488
290 +0.891 +0.397
289 +0.928 +0.301
288 +0.954 +0.203
287 +0.970 +0.102
  0 +0.131 +0.000
  7 +0.229 -0.000
  6 +0.198 -0.114
 20 +0.326 +0.000
 19 +0.307 -0.112
 18 +0.250 -0.210
 39 +0.424 +0.000
 38 +0.410 -0.110
 37 +0.367 -0.212
 36 +0.300 -0.300
 64 +0.522 +0.000
 63 +0.510 -0.108
 62 +0.477 -0.212
 61 +0.422 -0.307
 60 +0.349 -0.388
 95 +0.619 +0.000
 94 +0.610 -0.108
 93 +0.582 -0.212
 92 +0.536 -0.310
 91 +0.474 -0.398
 90 +0.398 -0.474
132 +0.717 -0.000
131 +0.709 -0.107
130 +0.685 -0.211
129 +0.646 -0.311
128 +0.592 -0.404
127 +0.526 -0.488
126 +0.447 -0.561
175 +0.815 +0.000
174 +0.808 -0.106
173 +0.787 -0.211
172 +0.753 -0.312
171 +0.705 -0.407
170 +0.646 -0.496
169 +0.576 -0.576
168 +0.496 -0.646
226 +0.905 +0.047
225 +0.905 -0.047
224 +0.895 -0.142
223 +0.875 -0.234
222 +0.846 -0.325
221 +0.807 -0.411
220 +0.760 -0.493
219 +0.704 -0.570
218 +0.641 -0.641
217 +0.570 -0.704
286 +0.976 -0.000
285 +0.970 -0.102
284 +0.954 -0.203
283 +0.928 -0.301
282 +0.891 -0.397
281 +0.845 -0.488
280 +0.789 -0.573
279 +0.725 -0.653
278 +0.653 -0.725
277 +0.573 -0.789
