   0 -0.049 +0.279
   1 -0.142 +0.245
   2 -0.217 +0.182
   3 -0.266 +0.097
   4 -0.283 +0.000
   5 -0.266 -0.097
   6 -0.217 -0.182
   7 -0.142 -0.245
   8 -0.049 -0.279
   9 +0.049 -0.279
  10 +0.142 -0.245
  11 +0.217 -0.182
  12 +0.266 -0.097
  13 +0.283 -0.000
  14 +0.266 +0.097
  15 +0.217 +0.182
  16 +0.142 +0.245
  17 +0.049 +0.279
  18 -0.104 +0.386
  19 -0.200 +0.346
  20 -0.283 +0.283
  21 -0.346 +0.200
  22 -0.386 +0.104
  23 -0.400 +0.000
  24 -0.386 -0.104
  25 -0.346 -0.200
  26 -0.283 -0.283
  27 -0.200 -0.346
  28 -0.104 -0.386
  29 -0.000 -0.400
  30 +0.104 -0.386
  31 +0.200 -0.346
  32 +0.283 -0.283
  33 +0.346 -0.200
  34 +0.386 -0.104
  35 +0.400 -0.000
  36 +0.386 +0.104
  37 +0.346 +0.200
  38 +0.283 +0.283
  39 +0.200 +0.346
  40 +0.104 +0.386
  41 +0.000 +0.400
  42 -0.052 +0.497
  43 -0.155 +0.476
  44 -0.250 +0.433
  45 -0.335 +0.372
  46 -0.405 +0.294
  47 -0.457 +0.203
  48 -0.489 +0.104
  49 -0.500 +0.000
  50 -0.489 -0.104
  51 -0.457 -0.203
  52 -0.405 -0.294
  53 -0.335 -0.372
  54 -0.250 -0.433
  55 -0.155 -0.476
  56 -0.052 -0.497
  57 +0.052 -0.497
  58 +0.155 -0.476
  59 +0.250 -0.433
  60 +0.335 -0.372
  61 +0.405 -0.294
  62 +0.457 -0.203
  63 +0.489 -0.104
  64 +0.500 -0.000
  65 +0.489 +0.104
  66 +0.457 +0.203
  67 +0.405 +0.294
  68 +0.335 +0.372
  69 +0.250 +0.433
  70 +0.155 +0.476
  71 +0.052 +0.497
  72 -0.107 +0.607
  73 -0.211 +0.579
  74 -0.308 +0.534
  75 -0.396 +0.472
  76 -0.472 +0.396
  77 -0.534 +0.308
  78 -0.579 +0.211
  79 -0.607 +0.107
  80 -0.617 +0.000
  81 -0.607 -0.107
  82 -0.579 -0.211
  83 -0.534 -0.308
  84 -0.472 -0.396
  85 -0.396 -0.472
  86 -0.308 -0.534
  87 -0.211 -0.579
  88 -0.107 -0.607
  89 -0.000 -0.617
  90 +0.107 -0.607
  91 +0.211 -0.579
  92 +0.308 -0.534
  93 +0.396 -0.472
  94 +0.472 -0.396
  95 +0.534 -0.308
  96 +0.579 -0.211
  97 +0.607 -0.107
  98 +0.617 -0.000
  99 +0.607 +0.107
 100 +0.579 +0.211
 101 +0.534 +0.308
 102 +0.472 +0.396
 103 +0.396 +0.472
 104 +0.308 +0.534
 105 +0.211 +0.579
 106 +0.107 +0.607
 107 +0.000 +0.617
 108 -0.056 +0.714
 109 -0.167 +0.697
 110 -0.274 +0.662
 111 -0.374 +0.611
 112 -0.465 +0.545
 113 -0.545 +0.465
 114 -0.611 +0.374
 115 -0.662 +0.274
 116 -0.697 +0.167
 117 -0.714 +0.056
 118 -0.714 -0.056
 119 -0.697 -0.167
 120 -0.662 -0.274
 121 -0.611 -0.374
 122 -0.545 -0.465
 123 -0.465 -0.545
 124 -0.374 -0.611
 125 -0.274 -0.662
 126 -0.167 -0.697
 127 -0.056 -0.714
 128 +0.056 -0.714
 129 +0.167 -0.697
 130 +0.274 -0.662
 131 +0.374 -0.611
 132 +0.465 -0.545
 133 +0.545 -0.465
 134 +0.611 -0.374
 135 +0.662 -0.274
 136 +0.697 -0.167
 137 +0.714 -0.056
 138 +0.714 +0.056
 139 +0.697 +0.167
 140 +0.662 +0.274
 141 +0.611 +0.374
 142 +0.545 +0.465
 143 +0.465 +0.545
 144 +0.374 +0.611
 145 +0.274 +0.662
 146 +0.167 +0.697
 147 +0.056 +0.714
 148 -0.130 +0.823
 149 -0.258 +0.793
 150 -0.378 +0.743
 151 -0.490 +0.674
 152 -0.589 +0.589
 153 -0.674 +0.490
 154 -0.743 +0.378
 155 -0.793 +0.258
 156 -0.823 +0.130
 157 -0.833 +0.000
 158 -0.823 -0.130
 159 -0.793 -0.258
 160 -0.743 -0.378
 161 -0.674 -0.490
 162 -0.589 -0.589
 163 -0.490 -0.674
 164 -0.378 -0.743
 165 -0.258 -0.793
 166 -0.130 -0.823
 167 -0.000 -0.833
 168 +0.130 -0.823
 169 +0.258 -0.793
 170 +0.378 -0.743
 171 +0.490 -0.674
 172 +0.589 -0.589
 173 +0.674 -0.490
 174 +0.743 -0.378
 175 +0.793 -0.258
 176 +0.823 -0.130
 177 +0.833 -0.000
 178 +0.823 +0.130
 179 +0.793 +0.258
 180 +0.743 +0.378
 181 +0.674 +0.490
 182 +0.589 +0.589
 183 +0.490 +0.674
 184 +0.378 +0.743
 185 +0.258 +0.793
 186 +0.130 +0.823
 187 +0.000 +0.833
